#DataThief C:\Users\altom\Desktop\APT_Dicembre_2021\WLS_Spectra.png martedì 30-nov-2021 3:32:47 PM
354.6804, 0.051
355.0418, 0.051
355.402, 0.0544
355.7635, 0.0544
356.1249, 0.0544
356.4864, 0.0544
356.8466, 0.0578
357.208, 0.0578
357.5695, 0.0578
357.9308, 0.0578
358.2924, 0.0578
358.6513, 0.0646
359.0128, 0.0646
359.373, 0.068
359.7345, 0.068
360.0959, 0.068
360.4573, 0.068
360.8188, 0.068
361.179, 0.0714
361.5404, 0.0714
361.9019, 0.0715
362.2633, 0.0715
362.6235, 0.0749
362.9838, 0.0783
363.3452, 0.0783
363.7042, 0.0851
364.0656, 0.0851
364.4271, 0.0851
364.7885, 0.0851
365.1487, 0.0885
365.509, 0.0919
365.8704, 0.0919
366.2318, 0.0919
366.5908, 0.0987
366.9523, 0.0987
367.3136, 0.0987
367.6752, 0.0987
368.0342, 0.1055
368.3944, 0.1089
368.7558, 0.1089
369.1173, 0.1089
369.4763, 0.1157
369.8365, 0.1191
370.1979, 0.1191
370.5581, 0.1225
370.9171, 0.1293
371.2772, 0.1327
371.6376, 0.136
371.999, 0.136
372.3555, 0.1497
372.717, 0.1497
373.0784, 0.1497
373.4362, 0.1599
373.7964, 0.1632
374.1542, 0.1734
374.5144, 0.1768
374.8746, 0.1802
375.2348, 0.1836
375.5951, 0.187
375.9553, 0.1904
376.3143, 0.1972
376.6733, 0.204
377.0347, 0.204
377.3949, 0.2074
377.7539, 0.2142
378.1117, 0.2244
378.4731, 0.2244
378.8333, 0.2278
379.1923, 0.2346
379.5513, 0.2413
379.9127, 0.2414
380.273, 0.2448
380.6307, 0.2549
380.991, 0.2583
381.3524, 0.2583
381.7126, 0.2617
382.0716, 0.2685
382.4331, 0.2685
382.7933, 0.2719
383.1535, 0.2753
383.5137, 0.2787
383.8752, 0.2787
384.2354, 0.2821
384.5956, 0.2854
384.9558, 0.2889
385.3173, 0.2889
385.6787, 0.2889
386.0365, 0.2991
386.3979, 0.2991
386.7557, 0.3093
387.1171, 0.3093
387.4748, 0.3195
387.8338, 0.3263
388.1941, 0.3296
388.5543, 0.3331
388.9133, 0.3399
389.2723, 0.3467
389.6337, 0.3467
389.994, 0.3501
390.3517, 0.3602
390.7083, 0.3738
391.0697, 0.3738
391.4299, 0.3772
391.7865, 0.3908
392.143, 0.4043
392.5032, 0.4077
392.8573, 0.4281
393.2175, 0.4315
393.5741, 0.4451
393.9331, 0.4518
394.2908, 0.462
394.6511, 0.4654
395.0064, 0.4824
395.3666, 0.4858
395.7231, 0.4993
396.0784, 0.5163
396.4386, 0.5197
396.7989, 0.5231
397.1554, 0.5367
397.5131, 0.5468
397.8746, 0.5468
398.2349, 0.5502
398.5926, 0.5604
398.9466, 0.5808
399.3082, 0.5808
399.6684, 0.5842
400.0274, 0.591
400.3839, 0.6045
400.7441, 0.6078
401.1043, 0.6113
401.4646, 0.6147
401.826, 0.6147
402.1887, 0.6113
402.5501, 0.6114
402.9127, 0.608
403.2742, 0.608
403.6357, 0.608
403.9983, 0.6046
404.3598, 0.6046
404.7224, 0.6012
405.0839, 0.6012
405.4466, 0.5979
405.808, 0.5979
406.1694, 0.5979
406.5321, 0.5945
406.8936, 0.5945
407.2562, 0.5911
407.6177, 0.5911
407.979, 0.5911
407.6189, 0.5877
407.979, 0.5911
408.3393, 0.5945
408.6995, 0.5979
409.0598, 0.6013
409.4175, 0.6115
409.7753, 0.6217
410.1294, 0.642
410.4896, 0.6454
410.846, 0.659
411.2051, 0.6658
411.5605, 0.6827
411.9182, 0.6928
412.2748, 0.7065
412.635, 0.7099
412.9878, 0.7336
413.3481, 0.737
413.7058, 0.7471
414.066, 0.7506
414.4201, 0.7709
414.7767, 0.7845
415.1332, 0.7981
415.4934, 0.8014
415.85, 0.815
416.2077, 0.8252
416.568, 0.8286
416.9221, 0.849
417.2823, 0.8524
417.6388, 0.8659
417.999, 0.8693
418.3556, 0.8829
418.7158, 0.8862
419.0723, 0.8999
419.4325, 0.9033
419.7866, 0.9236
420.1456, 0.9304
420.5046, 0.9372
420.8636, 0.944
421.2165, 0.9677
421.5755, 0.9745
421.9344, 0.9813
422.2947, 0.9847
422.6561, 0.9847
423.0164, 0.9881
423.3766, 0.9915
423.738, 0.9915
424.1019, 0.9847
424.4658, 0.978
424.8285, 0.9746
425.1924, 0.9678
425.5685, 0.9271
425.9385, 0.9034
426.3024, 0.8965
426.6651, 0.8933
427.04, 0.8559
427.4174, 0.8119
427.7849, 0.795
428.1525, 0.778
428.5189, 0.7645
428.8913, 0.734
429.254, 0.7306
429.6252, 0.7035
429.9879, 0.7001
430.3653, 0.6561
430.7279, 0.6526
431.0943, 0.6391
431.4606, 0.6256
431.8245, 0.6188
432.1872, 0.6154
432.5548, 0.5985
432.9162, 0.5985
433.2777, 0.5985
433.6391, 0.5985
434.0005, 0.5985
434.362, 0.5985
434.7234, 0.5985
435.0836, 0.6019
434.721, 0.6053
435.0824, 0.6053
435.4402, 0.6155
435.7967, 0.6291
436.1582, 0.6291
436.5196, 0.6291
436.8737, 0.6494
437.2302, 0.663
437.5905, 0.6663
437.9482, 0.6766
438.3084, 0.68
438.6699, 0.68
439.0301, 0.6834
439.3879, 0.6935
439.7481, 0.6968
440.1059, 0.7071
440.4661, 0.7105
440.8237, 0.7207
441.1841, 0.7241
441.5443, 0.7275
441.9033, 0.7343
442.2635, 0.7377
442.6213, 0.7479
442.9827, 0.7479
443.3429, 0.7513
443.6995, 0.7648
444.0585, 0.7715
444.4187, 0.775
444.7789, 0.7784
445.1379, 0.7852
445.4944, 0.7988
445.8559, 0.7988
446.2161, 0.8022
446.5737, 0.8124
446.9316, 0.8225
447.2931, 0.8225
447.6533, 0.8258
448.0135, 0.8293
448.3725, 0.8361
448.7364, 0.8293
449.0977, 0.8294
449.4654, 0.8124
449.8317, 0.7989
450.1981, 0.7852
450.5644, 0.7718
450.9295, 0.7616
451.3179, 0.687
451.6831, 0.6768
452.058, 0.6396
452.4317, 0.6057
452.8054, 0.5718
453.1791, 0.5379
453.5687, 0.46
453.9497, 0.4057
454.3197, 0.382
454.6898, 0.3583
455.0695, 0.3075
455.4433, 0.2736
455.817, 0.2397
456.1907, 0.2058
456.5644, 0.1719
456.9319, 0.155
457.2946, 0.1516
457.6573, 0.1482
458.0199, 0.1448
458.39, 0.1211
458.7539, 0.1143
459.1178, 0.1076
459.4804, 0.1042
459.8468, 0.0906
460.2094, 0.0872
460.5746, 0.0771
460.9372, 0.0737
461.3035, 0.0601
461.6662, 0.0568
462.0289, 0.0534
462.3916, 0.05
462.7542, 0.0466
463.1181, 0.0398
463.4808, 0.0365
463.8435, 0.0331
464.2061, 0.0297
464.5688, 0.0263
464.9327, 0.0195
465.2953, 0.0162
465.6568, 0.0162
466.0195, 0.0128
466.382, 9.4098e-3
466.7448, 6.0281e-3
467.1063, 6.0363e-3
467.4677, 6.0445e-3
467.8291, 6.0526e-3
468.1894, 9.4506e-3
468.5508, 9.4588e-3
